{
    "attributes": [
        {
            "format": "float2", 
            "name": "vTexCoord0", 
            "offset": 32, 
            "stride": 48
        }, 
        {
            "format": "float3", 
            "name": "vPosition", 
            "offset": 0, 
            "stride": 48
        }, 
        {
            "format": "float3", 
            "name": "vNormal", 
            "offset": 16, 
            "stride": 48
        }
    ], 
    "boneTable": [
        {
            "children": [
                "origin"
            ], 
            "index": 0, 
            "localTransform": [
                1.0, 
                0.0, 
                0.0, 
                0.0, 
                0.0, 
                1.0, 
                0.0, 
                0.0, 
                0.0, 
                0.0, 
                1.0, 
                0.0, 
                0.0, 
                0.0, 
                0.0, 
                1.0
            ], 
            "name": "<MD5_Hierarchy>", 
            "offsetTransform": [
                1.0, 
                0.0, 
                0.0, 
                0.0, 
                0.0, 
                1.0, 
                0.0, 
                0.0, 
                0.0, 
                0.0, 
                1.0, 
                0.0, 
                0.0, 
                0.0, 
                0.0, 
                1.0
            ], 
            "parent": "root"
        }, 
        {
            "children": [
                "body"
            ], 
            "index": 1, 
            "localTransform": [
                1.0, 
                0.0, 
                0.0, 
                0.0, 
                0.0, 
                1.7881400538044545e-07, 
                1.0, 
                0.0, 
                0.0, 
                -1.0, 
                1.7881400538044545e-07, 
                0.0, 
                0.0, 
                0.0, 
                0.0, 
                1.0
            ], 
            "name": "origin", 
            "offsetTransform": [
                1.0, 
                0.0, 
                0.0, 
                0.0, 
                0.0, 
                1.0, 
                0.0, 
                0.0, 
                0.0, 
                0.0, 
                1.0, 
                0.0, 
                0.0, 
                0.0, 
                0.0, 
                1.0
            ], 
            "parent": "<MD5_Hierarchy>"
        }, 
        {
            "children": [
                "body2"
            ], 
            "index": 2, 
            "localTransform": [
                1.0, 
                0.0, 
                0.0, 
                0.0, 
                0.0, 
                1.0, 
                0.0, 
                0.0, 
                0.0, 
                0.0, 
                1.0, 
                0.0, 
                0.0, 
                80.10900115966797, 
                9.549709830025677e-06, 
                1.0
            ], 
            "name": "body", 
            "offsetTransform": [
                1.0, 
                0.0, 
                0.0, 
                0.0, 
                0.0, 
                1.7881400538044545e-07, 
                -1.0, 
                0.0, 
                0.0, 
                1.0, 
                1.7881400538044545e-07, 
                0.0, 
                0.0, 
                -80.10900115966797, 
                -9.549709830025677e-06, 
                1.0
            ], 
            "parent": "origin"
        }, 
        {
            "children": [
                "SPINNER", 
                "hips"
            ], 
            "index": 3, 
            "localTransform": [
                1.0, 
                0.0, 
                0.0, 
                0.0, 
                0.0, 
                1.0, 
                0.0, 
                0.0, 
                0.0, 
                0.0, 
                1.0, 
                0.0, 
                0.0, 
                0.053970299661159515, 
                -0.01379579957574606, 
                1.0
            ], 
            "name": "body2", 
            "offsetTransform": [
                1.0, 
                0.0, 
                0.0, 
                0.0, 
                0.0, 
                1.7881400538044545e-07, 
                -1.0, 
                0.0, 
                0.0, 
                1.0, 
                1.7881400538044545e-07, 
                0.0, 
                0.0, 
                -80.16300201416016, 
                0.013786300085484982, 
                1.0
            ], 
            "parent": "body"
        }, 
        {
            "children": [
                "waist"
            ], 
            "index": 4, 
            "localTransform": [
                1.0, 
                0.0, 
                0.0, 
                0.0, 
                0.0, 
                1.0, 
                0.0, 
                0.0, 
                0.0, 
                0.0, 
                1.0, 
                0.0, 
                0.0, 
                0.0, 
                4.768369876728684e-07, 
                1.0
            ], 
            "name": "SPINNER", 
            "offsetTransform": [
                1.0, 
                0.0, 
                0.0, 
                0.0, 
                0.0, 
                1.0, 
                0.0, 
                0.0, 
                0.0, 
                0.0, 
                1.0, 
                0.0, 
                0.0, 
                0.0, 
                0.0, 
                1.0
            ], 
            "parent": "body2"
        }, 
        {
            "children": [
                "chest", 
                "lrib2", 
                "rrib3"
            ], 
            "index": 5, 
            "localTransform": [
                1.0, 
                0.0, 
                0.0, 
                0.0, 
                0.0, 
                1.0, 
                0.0, 
                0.0, 
                0.0, 
                0.0, 
                1.0, 
                0.0, 
                -0.1869650036096573, 
                0.8453670144081116, 
                -0.8018460273742676, 
                1.0
            ], 
            "name": "waist", 
            "offsetTransform": [
                1.0, 
                0.0, 
                0.0, 
                0.0, 
                0.0, 
                1.7881400538044545e-07, 
                -1.0, 
                0.0, 
                0.0, 
                1.0, 
                1.7881400538044545e-07, 
                0.0, 
                0.1869650036096573, 
                -81.00830078125, 
                0.8156319856643677, 
                1.0
            ], 
            "parent": "SPINNER"
        }, 
        {
            "children": [
                "loneck", 
                "lupmuscle1", 
                "rupmuscle1"
            ], 
            "index": 6, 
            "localTransform": [
                1.0, 
                0.0, 
                0.0, 
                0.0, 
                0.0, 
                1.0, 
                0.0, 
                0.0, 
                0.0, 
                0.0, 
                1.0, 
                0.0, 
                0.1041250005364418, 
                14.6766996383667, 
                -3.9590399265289307, 
                1.0
            ], 
            "name": "chest", 
            "offsetTransform": [
                1.0, 
                0.0, 
                0.0, 
                0.0, 
                0.0, 
                1.7881400538044545e-07, 
                -1.0, 
                0.0, 
                0.0, 
                1.0, 
                1.7881400538044545e-07, 
                0.0, 
                0.08284039795398712, 
                -95.68499755859375, 
                4.774670124053955, 
                1.0
            ], 
            "parent": "waist"
        }, 
        {
            "children": [
                "luparm", 
                "neck", 
                "ruparm"
            ], 
            "index": 7, 
            "localTransform": [
                1.0, 
                0.0, 
                0.0, 
                0.0, 
                0.0, 
                1.0, 
                0.0, 
                0.0, 
                0.0, 
                0.0, 
                1.0, 
                0.0, 
                0.12354999780654907, 
                18.375, 
                -0.7566350102424622, 
                1.0
            ], 
            "name": "loneck", 
            "offsetTransform": [
                1.0, 
                0.0, 
                0.0, 
                0.0, 
                0.0, 
                1.7881400538044545e-07, 
                -1.0, 
                0.0, 
                0.0, 
                1.0, 
                1.7881400538044545e-07, 
                0.0, 
                -0.040709398686885834, 
                -114.05999755859375, 
                5.531300067901611, 
                1.0
            ], 
            "parent": "chest"
        }, 
        {
            "children": [
                "lloarm"
            ], 
            "index": 8, 
            "localTransform": [
                0.8643609881401062, 
                -0.44299399852752686, 
                -0.23798300325870514, 
                0.0, 
                -0.154121994972229, 
                0.21710500121116638, 
                -0.9639040231704712, 
                0.0, 
                0.47867199778556824, 
                0.8698400259017944, 
                0.11938200145959854, 
                0.0, 
                13.865900039672852, 
                -4.124839782714844, 
                6.593019962310791, 
                1.0
            ], 
            "name": "luparm", 
            "offsetTransform": [
                0.8643609881401062, 
                -0.154121994972229, 
                0.47867199778556824, 
                0.0, 
                0.23798300325870514, 
                0.9639049768447876, 
                -0.11938200145959854, 
                0.0, 
                -0.44299399852752686, 
                0.21710500121116638, 
                0.8698400259017944, 
                0.0, 
                36.93299865722656, 
                -20.7007999420166, 
                -102.40899658203125, 
                1.0
            ], 
            "parent": "loneck"
        }, 
        {
            "children": [
                "lwrist"
            ], 
            "index": 9, 
            "localTransform": [
                0.8315500020980835, 
                -0.2631320059299469, 
                0.48917001485824585, 
                0.0, 
                -0.5520830154418945, 
                -0.48836401104927063, 
                0.6757990121841431, 
                0.0, 
                0.061068400740623474, 
                -0.832023024559021, 
                -0.5513690114021301, 
                0.0, 
                24.563400268554688, 
                1.3258899450302124, 
                0.7198179960250854, 
                1.0
            ], 
            "name": "lloarm", 
            "offsetTransform": [
                0.993465006351471, 
                -0.07844570279121399, 
                -0.08290710300207138, 
                0.0, 
                -0.11413700133562088, 
                -0.6828010082244873, 
                -0.7216339707374573, 
                0.0, 
                2.98022992950564e-08, 
                0.7263810038566589, 
                -0.6872929930686951, 
                0.0, 
                -34.36579895019531, 
                -65.7667007446289, 
                75.94439697265625, 
                1.0
            ], 
            "parent": "luparm"
        }, 
        {
            "children": [
                "lhand"
            ], 
            "index": 10, 
            "localTransform": [
                0.7738980054855347, 
                -0.044762399047613144, 
                0.6317260265350342, 
                0.0, 
                -0.4022350013256073, 
                0.7357310056686401, 
                0.5448909997940063, 
                0.0, 
                -0.48917099833488464, 
                -0.6757919788360596, 
                0.5513759851455688, 
                0.0, 
                5.957079887390137, 
                -2.5886600017547607, 
                2.570919990539551, 
                1.0
            ], 
            "name": "lwrist", 
            "offsetTransform": [
                0.7199779748916626, 
                -0.5024960041046143, 
                -0.4786750078201294, 
                0.0, 
                -0.5136409997940063, 
                -0.8496599793434143, 
                0.11937300115823746, 
                0.0, 
                -0.46669501066207886, 
                0.15992100536823273, 
                -0.8698400259017944, 
                0.0, 
                17.974199295043945, 
                9.717789649963379, 
                102.8759994506836, 
                1.0
            ], 
            "parent": "lloarm"
        }, 
        {
            "children": [
                "lindex1", 
                "lmiddle1", 
                "lpinky1", 
                "lthumb1"
            ], 
            "index": 11, 
            "localTransform": [
                0.3702000081539154, 
                0.8882189989089966, 
                0.2720629870891571, 
                0.0, 
                -0.5891960263252258, 
                0.45093199610710144, 
                -0.6704540252685547, 
                0.0, 
                -0.7181919813156128, 
                0.08790410310029984, 
                0.6902700066566467, 
                0.0, 
                16.8572998046875, 
                -0.19105400145053864, 
                1.5282399654388428, 
                1.0
            ], 
            "name": "lhand", 
            "offsetTransform": [
                -0.31001999974250793, 
                -0.3298709988594055, 
                -0.891668975353241, 
                0.0, 
                -0.9123579859733582, 
                -0.1605370044708252, 
                0.37660399079322815, 
                0.0, 
                -0.26737698912620544, 
                0.9302759766578674, 
                -0.2511900067329407, 
                0.0, 
                36.78779983520508, 
                -64.13919830322266, 
                70.02660369873047, 
                1.0
            ], 
            "parent": "lwrist"
        }, 
        {
            "children": [
                "lindex2"
            ], 
            "index": 12, 
            "localTransform": [
                -0.28281599283218384, 
                -0.9410380125045776, 
                0.18564200401306152, 
                0.0, 
                0.9538059830665588, 
                -0.2554680109024048, 
                0.15808099508285522, 
                0.0, 
                -0.10133499652147293, 
                0.22177399694919586, 
                0.9698179960250854, 
                0.0, 
                5.804180145263672, 
                -5.474370002746582, 
                -4.045909881591797, 
                1.0
            ], 
            "name": "lindex1", 
            "offsetTransform": [
                0.23256899416446686, 
                -0.3523840010166168, 
                -0.9064970016479492, 
                0.0, 
                0.4790149927139282, 
                -0.7696670293807983, 
                0.42208799719810486, 
                0.0, 
                -0.8464379906654358, 
                -0.5323899984359741, 
                -0.01020320039242506, 
                0.0, 
                60.19409942626953, 
                56.24879837036133, 
                55.686798095703125, 
                1.0
            ], 
            "parent": "lhand"
        }, 
        {
            "children": [], 
            "index": 13, 
            "localTransform": [
                0.9970549941062927, 
                0.07669659703969955, 
                1.4901200273698123e-08, 
                0.0, 
                -0.07669659703969955, 
                0.9970549941062927, 
                -1.2945399419095338e-07, 
                0.0, 
                -3.445889973363592e-08, 
                6.426130028103216e-08, 
                1.0, 
                0.0, 
                3.5939300060272217, 
                3.863909959793091, 
                -1.2847100496292114, 
                1.0
            ], 
            "name": "lindex2", 
            "offsetTransform": [
                0.2048570066690445, 
                -0.3691830039024353, 
                -0.9064970016479492, 
                0.0, 
                0.4185729920864105, 
                -0.8041380047798157, 
                0.42208799719810486, 
                0.0, 
                -0.8847770094871521, 
                -0.46590301394462585, 
                -0.01020320039242506, 
                0.0, 
                60.45109939575195, 
                47.88949966430664, 
                56.971500396728516, 
                1.0
            ], 
            "parent": "lindex1"
        }, 
        {
            "children": [
                "lmiddle2"
            ], 
            "index": 14, 
            "localTransform": [
                -0.27414000034332275, 
                -0.9548810124397278, 
                0.11423599720001221, 
                0.0, 
                0.9607909917831421, 
                -0.26680898666381836, 
                0.07545720040798187, 
                0.0, 
                -0.04157340154051781, 
                0.13044199347496033, 
                0.9905840158462524, 
                0.0, 
                3.5208399295806885, 
                -8.449480056762695, 
                -5.833290100097656, 
                1.0
            ], 
            "name": "lmiddle1", 
            "offsetTransform": [
                0.298115998506546, 
                -0.2771350145339966, 
                -0.9134129881858826, 
                0.0, 
                0.4464290142059326, 
                -0.8053349852561951, 
                0.39004701375961304, 
                0.0, 
                -0.8436989784240723, 
                -0.5240529775619507, 
                -0.11636199802160263, 
                0.0, 
                52.72309875488281, 
                52.54520034790039, 
                66.49819946289062, 
                1.0
            ], 
            "parent": "lhand"
        }, 
        {
            "children": [
                "lmiddle3"
            ], 
            "index": 15, 
            "localTransform": [
                0.9999369978904724, 
                -0.01123060006648302, 
                -2.689660050236853e-06, 
                0.0, 
                -0.01123060006648302, 
                -0.9999369978904724, 
                -0.0004975940100848675, 
                0.0, 
                2.9131799692549976e-06, 
                0.0004976760246790946, 
                -1.0, 
                0.0, 
                3.4107000827789307, 
                2.841949939727783, 
                -1.0312700271606445, 
                1.0
            ], 
            "name": "lmiddle2", 
            "offsetTransform": [
                0.30121201276779175, 
                0.27422401309013367, 
                0.9132760167121887, 
                0.0, 
                0.45544400811195374, 
                0.8000760078430176, 
                -0.3904460072517395, 
                0.0, 
                -0.8377599716186523, 
                0.5335530042648315, 
                0.11609899997711182, 
                0.0, 
                48.75090026855469, 
                -50.287601470947266, 
                -67.50460052490234, 
                1.0
            ], 
            "parent": "lmiddle1"
        }, 
        {
            "children": [], 
            "index": 16, 
            "localTransform": [
                0.9524019956588745, 
                -0.30484500527381897, 
                -2.9519200325012207e-05, 
                0.0, 
                -0.30484500527381897, 
                -0.9524019956588745, 
                -0.00018908499623648822, 
                0.0, 
                2.955650052172132e-05, 
                0.00018914000247605145, 
                -1.0, 
                0.0, 
                2.6644999980926514, 
                -2.4587900638580322, 
                -0.07911679893732071, 
                1.0
            ], 
            "name": "lmiddle3", 
            "offsetTransform": [
                0.20325200259685516, 
                -0.35316699743270874, 
                -0.9132149815559387, 
                0.0, 
                0.18987800180912018, 
                -0.9007599949836731, 
                0.3906109929084778, 
                0.0, 
                -0.9605389833450317, 
                -0.25279200077056885, 
                -0.11602199822664261, 
                0.0, 
                58.47520065307617, 
                31.51569938659668, 
                67.41780090332031, 
                1.0
            ], 
            "parent": "lmiddle2"
        }, 
        {
            "children": [
                "lpinky2"
            ], 
            "index": 17, 
            "localTransform": [
                -0.34949201345443726, 
                -0.9350969791412354, 
                0.058739300817251205, 
                0.0, 
                0.9368109703063965, 
                -0.3477180004119873, 
                0.03843830153346062, 
                0.0, 
                -0.015518800355494022, 
                0.06846150010824203, 
                0.9975330233573914, 
                0.0, 
                -0.12144099920988083, 
                -5.979800224304199, 
                -1.160159945487976, 
                1.0
            ], 
            "name": "lpinky1", 
            "offsetTransform": [
                0.36443400382995605, 
                -0.21000300347805023, 
                -0.9072409868240356, 
                0.0, 
                0.4911009967327118, 
                -0.7844089865684509, 
                0.3788430094718933, 
                0.0, 
                -0.7912060022354126, 
                -0.5836099982261658, 
                -0.18273299932479858, 
                0.0, 
                45.66659927368164, 
                57.53630065917969, 
                66.45659637451172, 
                1.0
            ], 
            "parent": "lhand"
        }, 
        {
            "children": [], 
            "index": 18, 
            "localTransform": [
                -0.2727710008621216, 
                0.9620789885520935, 
                -7.45058002848964e-07, 
                0.0, 
                -0.9620789885520935, 
                -0.2727710008621216, 
                -3.8742999208807305e-07, 
                0.0, 
                -5.066390258434694e-07, 
                6.92903995513916e-07, 
                1.0, 
                0.0, 
                4.916110038757324, 
                3.6113200187683105, 
                -1.664430022239685, 
                1.0
            ], 
            "name": "lpinky2", 
            "offsetTransform": [
                -0.30144599080085754, 
                -0.2933320105075836, 
                -0.9072409868240356, 
                0.0, 
                -0.888621985912323, 
                -0.2585139870643616, 
                0.37884199619293213, 
                0.0, 
                -0.3456610143184662, 
                0.920395016670227, 
                -0.18273299932479858, 
                0.0, 
                40.76449966430664, 
                -53.914398193359375, 
                68.12110137939453, 
                1.0
            ], 
            "parent": "lpinky1"
        }, 
        {
            "children": [
                "lthumb2"
            ], 
            "index": 19, 
            "localTransform": [
                0.75136798620224, 
                -0.6584600210189819, 
                0.043307699263095856, 
                0.0, 
                -0.657567024230957, 
                -0.752610981464386, 
                -0.03438669815659523, 
                0.0, 
                0.055236201733350754, 
                -0.0026405900716781616, 
                -0.9984700083732605, 
                0.0, 
                3.7491400241851807, 
                -1.3823200464248657, 
                1.2136199474334717, 
                1.0
            ], 
            "name": "lthumb1", 
            "offsetTransform": [
                -0.05434880033135414, 
                0.4827849864959717, 
                0.8740509748458862, 
                0.0, 
                -0.5634989738464355, 
                0.7078089714050293, 
                -0.4259989857673645, 
                0.0, 
                -0.8243269920349121, 
                -0.5156800150871277, 
                0.23357999324798584, 
                0.0, 
                69.127197265625, 
                23.140100479125977, 
                -66.71700286865234, 
                1.0
            ], 
            "parent": "lhand"
        }, 
        {
            "children": [
                "lthumb3"
            ], 
            "index": 20, 
            "localTransform": [
                0.9029880166053772, 
                0.33640599250793457, 
                0.2672879993915558, 
                0.0, 
                -0.3437570035457611, 
                0.9388399720191956, 
                -0.020288100466132164, 
                0.0, 
                -0.2577660083770752, 
                -0.07356200367212296, 
                0.9634029865264893, 
                0.0, 
                5.272950172424316, 
                -0.44183701276779175, 
                0.11311300098896027, 
                1.0
            ], 
            "name": "lthumb2", 
            "offsetTransform": [
                0.3469589948654175, 
                0.45420700311660767, 
                0.8205580115318298, 
                0.0, 
                -0.38458698987960815, 
                0.8668680191040039, 
                -0.31722599267959595, 
                0.0, 
                -0.8554019927978516, 
                -0.20551200211048126, 
                0.4754500091075897, 
                0.0, 
                47.729801177978516, 
                1.5451699495315552, 
                -82.57849884033203, 
                1.0
            ], 
            "parent": "lthumb1"
        }, 
        {
            "children": [], 
            "index": 21, 
            "localTransform": [
                -0.2473829984664917, 
                0.9689180254936218, 
                -9.313230187046884e-09, 
                0.0, 
                -4.172329965967947e-07, 
                -1.1175900027637908e-07, 
                1.0, 
                0.0, 
                0.9689180254936218, 
                0.2473829984664917, 
                3.8742999208807305e-07, 
                0.0, 
                2.284640073776245, 
                -0.7708100080490112, 
                -0.8515849709510803, 
                1.0
            ], 
            "name": "lthumb3", 
            "offsetTransform": [
                0.3542580008506775, 
                0.8205580115318298, 
                0.44853800535202026, 
                0.0, 
                0.9350640177726746, 
                -0.31722599267959595, 
                -0.15818500518798828, 
                0.0, 
                0.012487799860537052, 
                0.4754500091075897, 
                -0.8796539902687073, 
                0.0, 
                -8.998359680175781, 
                -81.72689819335938, 
                44.60559844970703, 
                1.0
            ], 
            "parent": "lthumb2"
        }, 
        {
            "children": [
                "forehead2", 
                "head"
            ], 
            "index": 22, 
            "localTransform": [
                1.0, 
                0.0, 
                0.0, 
                0.0, 
                0.0, 
                1.0, 
                0.0, 
                0.0, 
                0.0, 
                0.0, 
                1.0, 
                0.0, 
                0.022523000836372375, 
                9.733349800109863, 
                10.913399696350098, 
                1.0
            ], 
            "name": "neck", 
            "offsetTransform": [
                1.0, 
                0.0, 
                0.0, 
                0.0, 
                0.0, 
                1.7881400538044545e-07, 
                -1.0, 
                0.0, 
                0.0, 
                1.0, 
                1.7881400538044545e-07, 
                0.0, 
                -0.06323230266571045, 
                -123.79299926757812, 
                -5.3820600509643555, 
                1.0
            ], 
            "parent": "loneck"
        }, 
        {
            "children": [], 
            "index": 23, 
            "localTransform": [
                1.0, 
                0.0, 
                0.0, 
                0.0, 
                0.0, 
                1.0, 
                0.0, 
                0.0, 
                0.0, 
                0.0, 
                1.0, 
                0.0, 
                -0.06323230266571045, 
                5.98298978805542, 
                4.035739898681641, 
                1.0
            ], 
            "name": "forehead2", 
            "offsetTransform": [
                1.0, 
                0.0, 
                0.0, 
                0.0, 
                0.0, 
                1.7881400538044545e-07, 
                -1.0, 
                0.0, 
                0.0, 
                1.0, 
                1.7881400538044545e-07, 
                0.0, 
                0.0, 
                -129.7760009765625, 
                -9.417799949645996, 
                1.0
            ], 
            "parent": "neck"
        }, 
        {
            "children": [
                "jaw", 
                "upsaliva"
            ], 
            "index": 24, 
            "localTransform": [
                1.0, 
                0.0, 
                0.0, 
                0.0, 
                0.0, 
                1.0, 
                0.0, 
                0.0, 
                0.0, 
                0.0, 
                1.0, 
                0.0, 
                -0.0019472299609333277, 
                2.1950299739837646, 
                8.442580223083496, 
                1.0
            ], 
            "name": "head", 
            "offsetTransform": [
                1.0, 
                0.0, 
                0.0, 
                0.0, 
                0.0, 
                1.7881400538044545e-07, 
                -1.0, 
                0.0, 
                0.0, 
                1.0, 
                1.7881400538044545e-07, 
                0.0, 
                -0.061285100877285004, 
                -125.98799896240234, 
                -13.824600219726562, 
                1.0
            ], 
            "parent": "neck"
        }, 
        {
            "children": [
                "backtongue", 
                "drool", 
                "losaliva"
            ], 
            "index": 25, 
            "localTransform": [
                1.0, 
                0.0, 
                0.0, 
                0.0, 
                0.0, 
                1.0, 
                0.0, 
                0.0, 
                0.0, 
                0.0, 
                1.0, 
                0.0, 
                -0.05651320144534111, 
                -6.793590068817139, 
                5.336080074310303, 
                1.0
            ], 
            "name": "jaw", 
            "offsetTransform": [
                1.0, 
                0.0, 
                0.0, 
                0.0, 
                0.0, 
                1.7881400538044545e-07, 
                -1.0, 
                0.0, 
                0.0, 
                1.0, 
                1.7881400538044545e-07, 
                0.0, 
                -0.004771870095282793, 
                -119.19499969482422, 
                -19.16069984436035, 
                1.0
            ], 
            "parent": "head"
        }, 
        {
            "children": [
                "tongue"
            ], 
            "index": 26, 
            "localTransform": [
                1.0, 
                0.0, 
                0.0, 
                0.0, 
                0.0, 
                0.9653819799423218, 
                -0.2608410120010376, 
                0.0, 
                0.0, 
                0.2608410120010376, 
                0.9653819799423218, 
                0.0, 
                -0.004771870095282793, 
                -5.056260108947754, 
                3.017119884490967, 
                1.0
            ], 
            "name": "backtongue", 
            "offsetTransform": [
                1.0, 
                0.0, 
                0.0, 
                0.0, 
                0.0, 
                0.2608419954776764, 
                -0.9653819799423218, 
                0.0, 
                0.0, 
                0.9653819799423218, 
                0.2608419954776764, 
                0.0, 
                0.0, 
                -104.4020004272461, 
                -51.182098388671875, 
                1.0
            ], 
            "parent": "jaw"
        }, 
        {
            "children": [
                "tongue2"
            ], 
            "index": 27, 
            "localTransform": [
                1.1920899822825959e-07, 
                0.22589099407196045, 
                0.9741529822349548, 
                0.0, 
                -6.25848997515277e-07, 
                -0.9741529822349548, 
                0.22589099407196045, 
                0.0, 
                1.0, 
                -5.302929935169232e-07, 
                1.345569984323447e-07, 
                0.0, 
                0.0, 
                0.4452590048313141, 
                1.1223399639129639, 
                1.0
            ], 
            "name": "tongue", 
            "offsetTransform": [
                -1.1290199886104801e-08, 
                -5.469810275826603e-07, 
                1.0, 
                0.0, 
                -0.8815069794654846, 
                -0.47217100858688354, 
                -1.904240036765259e-07, 
                0.0, 
                0.47217100858688354, 
                -0.8815069794654846, 
                -6.079769718780881e-07, 
                0.0, 
                -74.63670349121094, 
                90.32250213623047, 
                6.542560004163533e-05, 
                1.0
            ], 
            "parent": "backtongue"
        }, 
        {
            "children": [
                "tongue3"
            ], 
            "index": 28, 
            "localTransform": [
                0.941087007522583, 
                0.3381649851799011, 
                9.945350143425458e-08, 
                0.0, 
                -0.33816400170326233, 
                0.941087007522583, 
                6.304649957655784e-08, 
                0.0, 
                -1.6137100544710847e-07, 
                4.879679948999183e-08, 
                1.0, 
                0.0, 
                2.5066800117492676, 
                0.0, 
                -1.2842099295085063e-07, 
                1.0
            ], 
            "name": "tongue2", 
            "offsetTransform": [
                -6.023179821568192e-08, 
                -6.114310053817462e-07, 
                1.0, 
                0.0, 
                -0.9892460107803345, 
                -0.14625899493694305, 
                -8.281840280233155e-08, 
                0.0, 
                0.14625899493694305, 
                -0.9892460107803345, 
                -5.601550014944223e-07, 
                0.0, 
                -42.0547981262207, 
                111.08799743652344, 
                6.27327972324565e-05, 
                1.0
            ], 
            "parent": "tongue"
        }, 
        {
            "children": [
                "tongue4"
            ], 
            "index": 29, 
            "localTransform": [
                0.9588750004768372, 
                0.283827006816864, 
                -1.969119978184608e-07, 
                0.0, 
                -0.283827006816864, 
                0.9588750004768372, 
                6.5157901296686305e-09, 
                0.0, 
                8.844550336561952e-08, 
                1.3076600247075021e-08, 
                1.0, 
                0.0, 
                1.817330002784729, 
                7.629389983776491e-06, 
                -2.9499599918381136e-07, 
                1.0
            ], 
            "name": "tongue3", 
            "offsetTransform": [
                -3.198150011485268e-07, 
                -5.566259915212868e-07, 
                1.0, 
                0.0, 
                -0.9900760054588318, 
                0.1405310034751892, 
                -2.7869199925589783e-07, 
                0.0, 
                -0.1405310034751892, 
                -0.9900760054588318, 
                -5.813760139972146e-07, 
                0.0, 
                -10.538000106811523, 
                118.97200012207031, 
                6.017749910824932e-05, 
                1.0
            ], 
            "parent": "tongue2"
        }, 
        {
            "children": [
                "tongue5"
            ], 
            "index": 30, 
            "localTransform": [
                0.9988269805908203, 
                0.0484279990196228, 
                1.4476799492513237e-07, 
                0.0, 
                -0.0484279990196228, 
                0.9988269805908203, 
                4.1656100790987693e-08, 
                0.0, 
                -1.0527200089427424e-07, 
                -1.0546200002181649e-07, 
                1.0, 
                0.0, 
                1.8866499662399292, 
                7.629389983776491e-06, 
                3.15193986466511e-08, 
                1.0
            ], 
            "name": "tongue4", 
            "offsetTransform": [
                -2.361399964456723e-07, 
                -4.402450031193439e-07, 
                1.0, 
                0.0, 
                -0.982109010219574, 
                0.18831300735473633, 
                -1.4435799755574408e-07, 
                0.0, 
                -0.18831300735473633, 
                -0.982109010219574, 
                -5.132030196364212e-07, 
                0.0, 
                -6.648449897766113, 
                119.43399810791016, 
                5.613329994957894e-05, 
                1.0
            ], 
            "parent": "tongue3"
        }, 
        {
            "children": [], 
            "index": 31, 
            "localTransform": [
                1.4500399458938773e-07, 
                2.2731299509359815e-07, 
                1.0, 
                0.0, 
                -0.43797001242637634, 
                -0.8989899754524231, 
                2.3396600568048598e-07, 
                0.0, 
                0.8989899754524231, 
                -0.43797001242637634, 
                -4.477870163555053e-08, 
                0.0, 
                1.5352799892425537, 
                7.629389983776491e-06, 
                -1.9995799505068135e-07, 
                1.0
            ], 
            "name": "tongue5", 
            "offsetTransform": [
                1.0, 
                7.670579975638248e-07, 
                -5.02742985020177e-08, 
                0.0, 
                -2.486150094682671e-07, 
                0.2608430087566376, 
                -0.9653810262680054, 
                0.0, 
                -7.273899882420665e-07, 
